% Joint Locations
x_0=0;y_0=0;z_0=0;
x_1=0;y_1=0;z_1=0.333;
x_2=0;y_2=0;z_2=0;
x_3=0;y_3=-0.316;z_3=0;
x_4=0.0825;y_4=0;z_4=0;
x_5=-0.0825;y_5=0.384;z_5=0;
x_6=0;y_6=0;z_6=0;
x_7=0.088;y_7=0;z_7=0;
x_8=0;y_8=0;z_8=0.107;

global x_0 y_0 z_0 x_1 y_1 z_1 x_2 y_2 z_2
global x_3 y_3 z_3 x_4 y_4 z_4 x_5 y_5 z_5
global x_6 y_6 z_6 x_7 y_7 z_7 x_8 y_8 z_8

% CoM Locations
x_c1=0.003875;y_c1=0.002081;z_c1=-0.04762;
x_c2=-0.003141;y_c2=-0.02872;z_c2= 0.003495;
x_c3=2.7518e-02;y_c3=3.9252e-02;z_c3=-6.6502e-02;
x_c4=-5.317e-02;y_c4=1.04419e-01;z_c4=2.7454e-02;
x_c5=-1.1953e-02;y_c5=4.1065e-02;z_c5=-3.8437e-02;
x_c6=6.0149e-02;y_c6=-1.4117e-02;z_c6=-1.0517e-02;
x_c7=1.0517e-02;y_c7=-4.252e-03;z_c7=6.1597e-02;

global x_c1 y_c1 z_c1 x_c2 y_c2 z_c2
global x_c3 y_c3 z_c3 x_c4 y_c4 z_c4
global x_c5 y_c5 z_c5 x_c6 y_c6 z_c6
global x_c7 y_c7 z_c7